[gd_scene format=3 uid="uid://d1r76x5m5yx2e"]

[ext_resource type="Environment" uid="uid://cwq54dbhfxpql" path="res://assets/world/environment.tres" id="1_lh4wc"]
[ext_resource type="PackedScene" uid="uid://cl0b5wbx0dtdu" path="res://assets/buoyancy/objects/boat_char/boat_char.tscn" id="6_v8a77"]
[ext_resource type="Texture2D" uid="uid://wx6nt5kksy0j" path="res://icon.svg" id="10_s8a52"]
[ext_resource type="PackedScene" uid="uid://bdai8wmorwus8" path="res://assets/player/player.tscn" id="14_srqmc"]
[ext_resource type="Script" uid="uid://dk6wjhthg1478" path="res://assets/network/network_spawner.gd" id="17_8tkuq"]
[ext_resource type="PackedScene" uid="uid://7qwnuhhvq2c0" path="res://assets/ui/network/network_ui.tscn" id="17_lppja"]

[sub_resource type="StandardMaterial3D" id="StandardMaterial3D_ohmqb"]
albedo_texture = ExtResource("10_s8a52")
uv1_scale = Vector3(100, 100, 100)

[node name="Main" type="Node3D" unique_id=1957339104]

[node name="WorldEnvironment" type="WorldEnvironment" parent="." unique_id=1953065020]
environment = ExtResource("1_lh4wc")

[node name="DirectionalLight3D" type="DirectionalLight3D" parent="WorldEnvironment" unique_id=1210906293]
transform = Transform3D(0.9326482, -0.13090532, -0.33620116, 0.20208846, 0.96149725, 0.18623488, 0.29887733, -0.24163398, 0.92319304, -0.02034521, 68.54709, 0.60564655)

[node name="NetworkSpawner" type="Node" parent="." unique_id=1135001819 node_paths=PackedStringArray("spawn_container")]
script = ExtResource("17_8tkuq")
boat_scene = ExtResource("6_v8a77")
player_scene = ExtResource("14_srqmc")
spawn_container = NodePath("../NetworkSpawnContainer")

[node name="FarmPlayer" type="Marker3D" parent="NetworkSpawner" unique_id=2040182441]
transform = Transform3D(-0.093743294, 0, -0.9955964, 0, 1, 0, 0.9955964, 0, -0.093743294, -21.963, 5, -107.231)

[node name="FarmPlayer2" type="Marker3D" parent="NetworkSpawner" unique_id=659013212]
transform = Transform3D(-0.015829444, 0, 0.9998747, 0, 1, 0, -0.9998747, 0, -0.015829444, -19.601, 5, -107.231)

[node name="FarmBoat" type="Marker3D" parent="NetworkSpawner" unique_id=37571271]
transform = Transform3D(1, 0, 0, 0, 1, 0, 0, 0, 1, -20.90974, -1.3410025, -103.687454)

[node name="MountainPlayer" type="Marker3D" parent="NetworkSpawner" unique_id=1517030301]
transform = Transform3D(1, 0, 0, 0, 1, 0, 0, 0, 1, -2.8635063, 140.10019, 0.35587692)

[node name="MountainBoat" type="Marker3D" parent="NetworkSpawner" unique_id=586522937]
transform = Transform3D(1, 0, 0, 0, 1, 0, 0, 0, 1, -20.90974, 102.01513, -19.849976)

[node name="DiscPlayer" type="Marker3D" parent="NetworkSpawner" unique_id=1398049965]
transform = Transform3D(1, 0, 0, 0, -1, 8.742278e-08, 0, -8.742278e-08, -1, -0.29304886, -105.151985, 1.9624081)

[node name="DiscBoat" type="Marker3D" parent="NetworkSpawner" unique_id=2034499179]
transform = Transform3D(0.25881907, -8.444392e-08, -0.9659258, 0, -1, 8.742278e-08, -0.9659258, -2.2626683e-08, -0.25881907, -16.52084, -102.52942, 21.004715)

[node name="ObservationPlayer" type="Marker3D" parent="NetworkSpawner" unique_id=1976042203]
transform = Transform3D(1, 0, 0, 0, -1, 8.742278e-08, 0, -8.742278e-08, -1, 0.24245834, -117.394516, 55.395313)

[node name="ObservationBoat" type="Marker3D" parent="NetworkSpawner" unique_id=1258289034]
transform = Transform3D(0.25881907, -8.444392e-08, -0.9659258, 0, -1, 8.742278e-08, -0.9659258, -2.2626683e-08, -0.25881907, -16.52084, -102.52942, 21.004715)

[node name="NetworkSpawnContainer" type="Node" parent="." unique_id=1550286835]

[node name="NetworkUI" parent="." unique_id=1204281956 instance=ExtResource("17_lppja")]

[node name="CSGBox3D" type="CSGBox3D" parent="." unique_id=1921393908]
transform = Transform3D(1, 0, 0, 0, 1, 0, 0, 0, 1, 0, -1.1, 0)
use_collision = true
size = Vector3(10000, 0.1, 10000)
material = SubResource("StandardMaterial3D_ohmqb")
